#   1 X_IMAGE         Object position along x                         [pixel]
#   2 Y_IMAGE         Object position along y                         [pixel]
#   3 MAG_AUTO        Kron-like elliptical aperture magnitude         [mag]
#   4 FWHM_IMAGE      FWHM assuming a gaussian core                   [pixel]
#   5 XPEAK_IMAGE     x-coordinate of the brightest pixel             [pixel]
#   6 YPEAK_IMAGE     y-coordinate of the brightest pixel             [pixel]
#   7 KRON_RADIUS     Kron apertures in units of A or B
#   8 BACKGROUND      Background at centroid position                 [count]
#   9 THRESHOLD       Detection threshold above background            [count]
#  10 MU_THRESHOLD    Detection threshold above background            [mag * arcsec**(-2)]
#  11 FLUX_MAX        Peak flux above background                      [count]
#  12 MU_MAX          Peak surface brightness above background        [mag * arcsec**(-2)]
#  13 FLAGS           Extraction flags
   332.000    194.000  -2.8653     0.00        332        194  5.72            0            5   8.6485            6   8.4505   0
   361.000    253.000  -2.9402     0.00        361        253  5.44            0            5   8.6485            6   8.4505   0
   350.000    251.690  -4.3509     0.93        350        252  5.37            0            5   8.6485           20   7.1433   0
   322.000    249.000  -3.8602     0.00        322        249  7.38            0            5   8.6485            6   8.4505   0
   311.000    248.000  -4.8362     1.76        311        248  7.39            0            5   8.6485           13   7.6110   2
   312.000    246.000  -5.2248     2.52        312        246  8.29            0            5   8.6485            9   8.0103   2
   320.000    244.000  -4.2474     0.00        320        244  7.85            0            5   8.6485            7   8.2832   0
   353.000    243.000  -3.6560     0.00        353        243  6.95            0            5   8.6485            6   8.4505   0
   307.000    240.000  -3.1969     0.00        307        240  6.60            0            5   8.6485            7   8.2832   0
   312.000    238.000  -3.8908     0.00        312        238  7.24            0            5   8.6485            8   8.1382   0
   330.000    237.000  -3.4505     0.00        330        237  7.02            0            5   8.6485            6   8.4505   0
   310.000    234.000  -4.0837     0.00        310        234  8.06            0            5   8.6485            6   8.4505   0
   329.000    232.000  -3.5784     0.00        329        232  7.11            0            5   8.6485            6   8.4505   0
   306.000    227.000  -3.7963     0.00        306        227  7.67            0            5   8.6485            6   8.4505   0
   332.552    223.803  -7.3686     1.27        333        224  4.10            0            5   8.6485          255   4.3796   4
   320.000    223.000  -3.7284     0.00        320        223  7.11            0            5   8.6485            6   8.4505   0
   319.000    218.000  -4.2255     0.00        319        218  8.12            0            5   8.6485            6   8.4505   0
   338.000    217.000  -3.5784     0.00        338        217  7.68            0            5   8.6485            6   8.4505   0
   340.000    216.000  -3.6179     0.00        340        216  7.04            0            5   8.6485            6   8.4505   0
   322.000    212.000  -2.9402     0.00        322        212  5.34            0            5   8.6485            7   8.2832   0
   336.000    208.000  -3.5784     0.00        336        208  7.34            0            5   8.6485            6   8.4505   0
   343.000    206.000  -2.9402     0.00        343        206  6.63            0            5   8.6485            6   8.4505   0
   332.222    200.333  -4.7441     1.42        332        200  7.37            0            5   8.6485           12   7.6980   0
   336.000    198.000  -3.5374     0.00        336        198  7.25            0            5   8.6485            6   8.4505   0
